10013426
10095086
10118778
10096771
10094690
10061492
10084869
10096458
10064217
10119894
10116955
10037828
10090220
10085709
10059646
10088365
10020162
10087932
10038768
10113700
10116170
10104730
10119785
10112180
10114759
10094597
10086361
10098722
10078287
10121378
10105585
10119585
10104437
10116789
10104602
10087841
10099268
10061877
10069067
10028760
10097868
10000224
10106323
10083822
10079694
10054436
10086378
10100984
10084452
10113283
10077143
10011210
10066282
10113719
10107636
10110028
10115414
10095948
10108414
10113087
10113442
10088516
10119360
10113824
10079065
10093895
10092032
10098643
10101456
10120202
10083495
10111312
10098133
10073742
10114458
10073440
10076947
10113277
10041676
10111860
10120053
10117140
10096546
10114849
10074180
10122878
10054653
10084217
10068244
10077035
10093005
10100846
10084451
10102183
10107582
10114803
10022033
10061584
10068610
10024461
